-0.0290743
-0.0484703
-0.0374064
0.264077
0.232077
-0.049723
-0.142695
-0.15099
-0.028147
0.136455
-0.1373
-0.148264
-0.104281
0.0458052
-0.121905
-0.14904
-0.0600075
0.34741
-0.0900152
-0.0707152
-0.107111
0.276789
0.261316
0.114996
-0.0961875
-0.0531563
-0.0454265
0.0614104
-0.0468679
-0.12541
-0.0474334
0.215151
-0.0219671
-0.06321
0.0882749
0.236123
0.0997647
-0.135409
-0.129027
-0.193605
-0.0486086
0.00958815
-0.0795231
-0.00659906
0.466651
-0.0767498
-0.121843
-0.147582
-0.134578
0.231965
0.361506
-0.010016
-0.0166747
0.142781
0.0586025
-0.0724395
-0.10446
-0.112331
0.0188671
-0.00472026
-0.061904
0.0510313
0.274667
-0.137018
-0.123966
-0.166742
0.0526699
0.228564
0.233265
-0.0920489
-0.0915274
-0.011541
-0.107747
-0.0677217
-0.0675278
0.0729152
0.0421925
0.119108
-0.025578
0.00804976
0.000132315
0.144352
-0.0348696
-0.060019
0.0478469
0.0852201
0.094709
0.0120295
0.0970243
0.266774
-0.0396077
-0.0149573
0.0142921
0.130923
0.0527397
0.0990603
0.0175235
0.0619185
0.0471718
0.135482
0.030715
0.0199075
0.11332
0.094776
0.0994618
0.055357
0.151662
0.21866
0.174899
0.00383719
0.0138678
0.0908522
-0.00109478
0.0145807
0.00178638
0.0880513
0.287564
-0.0602978
-0.0549923
-0.0254528
0.0953579
0.0895061
0.0454512
-0.0401286
-0.0292253
0.000860687
0.167649
0.020045
0.0346956
0.0738904
0.0167717
0.0169665
0.046901
0.14967
0.279244
-0.0612307
-0.0696699
-0.038452
0.126453
0.0955485
0.0483785
-0.0641897
-0.0597077
0.00322695
-0.000760533
0.0127605
0.023869
0.17422
0.0483686
0.0176736
-0.0466461
-0.0388669
0.00248619
0.136975
-0.0167832
-0.0457728
0.00691898
0.0533667
0.0158838
-0.0358524
0.0241201
0.18442
0.00148398
0.041194
0.0761261
0.243292
0.0469152
0.102502
0.0202951
0.0227734
0.0615857
0.154376
0.0147642
-0.0158259
0.054923
0.0476902
0.00415284
-0.0393711
0.0720615
0.196191
0.111247
-0.025728
-0.0470982
0.0146982
-0.00389358
0.0949143
0.0107068
0.0209144
0.181728
-0.0681533
-0.0799647
-0.0669941
0.0431912
0.166283
0.126132
-0.048243
-0.0332722
-0.0283403
0.194405
-0.0134675
-0.0165127
0.0609537
0.00922719
0.0281202
-0.00954507
0.0558156
0.248707
-0.0107186
-0.0616321
-0.0148777
0.103478
0.155312
0.0237313
-0.0555261
-0.0247617
0.042903
-0.023147
0.024938
0.0269343
0.169073
0.0193308
0.197702
0.105186
0.0612506
0.011829
0.141359
0.0151367
-0.0222905
0.0426005
0.0838534
0.0842851
0.0186747
0.0516793
0.176124
0.0259733
-0.000275204
-0.0193328
0.134936
0.0178611
0.168582
0.0767592
0.0441244
0.0227404
0.182578
0.0147039
-0.0785423
-0.00979296
-0.017473
0.0446391
0.00510857
0.0324411
0.171278
0.165952
0.0268781
0.00818854
0.0825109
0.0675744
0.0827518
-0.00272936
0.0352429
0.175724
-0.0339665
-0.0759502
-0.0595996
0.0401282
0.0957262
0.121991
-0.0696043
-0.0430764
-0.0249284
0.22897
0.0640732
0.000262641
0.0630695
0.0184874
0.0655797
0.00629188
0.0507678
0.207343
-0.0132352
-0.0528616
-0.0489705
0.0457593
0.0991348
0.0898791
-0.0430721
0.00961521
0.00404934
0.00986024
0.0297357
0.045179
0.0965147
0.0924297
0.195744
0.0493481
0.00245381
-0.0519362
0.205332
0.0534819
-0.000974419
-0.0233076
-0.0575533
-0.0121588
-0.0815983
-0.0447565
0.113405
0.000446742
0.00820307
0.0551865
0.14278
0.0720425
0.209169
0.0447979
-0.00532878
-0.00508539
0.188918
0.0317804
-0.00608366
0.00491005
-0.0204974
-0.0131442
-0.0744092
-0.0269761
0.151103
0.245684
0.0774589
-0.00664016
0.0435533
-0.0211412
0.0312573
-0.0330622
0.00625713
0.139761
-0.0214474
-0.0498604
-0.0606027
0.0715416
0.139395
0.107268
-0.0418678
-0.0359954
-0.0677239
0.238395
0.0614733
-0.000370609
0.0213848
-0.0517279
0.0322253
-0.00227865
0.0298151
0.146084
-0.0169608
-0.0394831
-0.00986956
0.101565
0.150778
0.0995277
-0.016198
-0.0354859
-0.06588
0.0650816
0.0190485
0.00354581
0.0679058
0.137363
0.124321
-0.0203956
-0.0100948
-0.0301034
0.211419
0.0578156
-0.0157147
-0.046953
0.0607503
0.0258729
-0.0094356
0.0510476
0.175485
0.0492833
0.0217217
-0.000585393
0.0311294
0.0604447
0.115576
-0.0152302
0.0100236
-0.000128349
0.252889
0.107481
0.0221175
0.00845447
0.0535272
0.105112
-0.00390616
0.0679599
0.208182
0.191465
0.0450855
-0.00317401
-0.0518647
-0.0262786
0.0101883
-0.0112733
0.0549187
0.153366
-0.00725112
-0.0281159
-0.0336974
0.0284403
0.101063
0.0604313
-0.0409308
-0.0381802
-0.0269186
0.257718
0.0790465
0.00806687
-0.0373111
0.000259735
0.121865
0.0369194
0.0542101
0.182289
0.00289616
0.0196844
-0.0062031
0.0301651
0.0719172
0.0792193
0.0192865
-0.0488793
-0.04073
0.0872052
0.00401012
-0.0602356
0.113437
0.281731
0.130917
-0.105477
-0.0569697
-0.0431986
0.325122
0.0849259
-0.0820908
-0.104464
0.149077
-0.0363335
-0.14036
-0.0591822
0.105207
-0.0760343
-0.145528
-0.173133
-0.0446493
0.24733
0.210032
-0.0807326
-0.056454
-0.0602791
0.361646
-0.106425
-0.165339
-0.148292
0.124298
-0.0292603
-0.119432
-0.0717179
0.192
0.234985
0.0430967
-0.0889763
-0.115545
0.0799408
-0.052779
-0.10754
-0.0575739
0.0437125
-0.062239
-0.0410605
-0.0964767
0.0851068
0.251859
0.0882933
-0.0853485
-0.0562982
-0.13598
0.445448
-0.0160809
-0.0745317
0.0366198
0.105475
-0.180368
-0.128369
-0.0905756
0.15954
0.126034
0.0306264
0.0083119
0.302514
0.209392
-0.154263
-0.150321
-0.123151
-0.063138
-4.21425
